country,code,iso3,year,value,growth_value,growth_percentage
Kazakhstan,KAZ,KAZ,1965,11841920,,
Kazakhstan,KAZ,KAZ,1966,12132559,290639.0,2.4543232854131736
Kazakhstan,KAZ,KAZ,1967,12385710,253151.0,2.0865425010502703
Kazakhstan,KAZ,KAZ,1968,12611426,225716.0,1.8223904806426106
Kazakhstan,KAZ,KAZ,1969,12824606,213180.0,1.690371889745057
Kazakhstan,KAZ,KAZ,1970,13036139,211533.0,1.6494307895306815
Kazakhstan,KAZ,KAZ,1971,13250213,214074.0,1.6421580039918338
Kazakhstan,KAZ,KAZ,1972,13463985,213772.0,1.6133476495811871
Kazakhstan,KAZ,KAZ,1973,13673007,209022.0,1.5524527099517682
Kazakhstan,KAZ,KAZ,1974,13869975,196968.0,1.4405609534172026
Kazakhstan,KAZ,KAZ,1975,14050226,180251.0,1.2995769639094545
Kazakhstan,KAZ,KAZ,1976,14212145,161919.0,1.1524298612705541
Kazakhstan,KAZ,KAZ,1977,14359624,147479.0,1.0376969838120864
Kazakhstan,KAZ,KAZ,1978,14499952,140328.0,0.9772400725812869
Kazakhstan,KAZ,KAZ,1979,14643133,143181.0,0.9874584412417287
Kazakhstan,KAZ,KAZ,1980,14796174,153041.0,1.0451383593934382
Kazakhstan,KAZ,KAZ,1981,14958908,162734.0,1.09983837713723
Kazakhstan,KAZ,KAZ,1982,15128087,169179.0,1.130958222351519
Kazakhstan,KAZ,KAZ,1983,15303309,175222.0,1.1582561628578736
Kazakhstan,KAZ,KAZ,1984,15483419,180110.0,1.1769350014431579
Kazakhstan,KAZ,KAZ,1985,15665595,182176.0,1.1765876774374018
Kazakhstan,KAZ,KAZ,1986,15852525,186930.0,1.1932518362692157
Kazakhstan,KAZ,KAZ,1987,16039251,186726.0,1.177894373293853
Kazakhstan,KAZ,KAZ,1988,16206002,166751.0,1.0396433100273716
Kazakhstan,KAZ,KAZ,1989,16249500,43498.0,0.2684067298029502
Kazakhstan,KAZ,KAZ,1990,16348000,98500.0,0.6061724976153204
Kazakhstan,KAZ,KAZ,1991,16450500,102500.0,0.6269880107658388
Kazakhstan,KAZ,KAZ,1992,16439095,-11405.0,-0.06932919972036933
Kazakhstan,KAZ,KAZ,1993,16330419,-108676.0,-0.6610826204240583
Kazakhstan,KAZ,KAZ,1994,16095199,-235220.0,-1.4403794538278558
Kazakhstan,KAZ,KAZ,1995,15815626,-279573.0,-1.7369962309878861
Kazakhstan,KAZ,KAZ,1996,15577894,-237732.0,-1.5031463187103689
Kazakhstan,KAZ,KAZ,1997,15333703,-244191.0,-1.5675482192907486
Kazakhstan,KAZ,KAZ,1998,15071300,-262403.0,-1.7112826562507455
Kazakhstan,KAZ,KAZ,1999,14928426,-142874.0,-0.9479872340143136
Kazakhstan,KAZ,KAZ,2000,14883626,-44800.0,-0.30009861722863906
Kazakhstan,KAZ,KAZ,2001,14858335,-25291.0,-0.16992499005282768
Kazakhstan,KAZ,KAZ,2002,14858948,613.0,0.004125630496276678
Kazakhstan,KAZ,KAZ,2003,14909018,50070.0,0.3369686736907518
Kazakhstan,KAZ,KAZ,2004,15012985,103967.0,0.697343044323917
Kazakhstan,KAZ,KAZ,2005,15147029,134044.0,0.8928537529345526
Kazakhstan,KAZ,KAZ,2006,15308084,161055.0,1.0632778216771
Kazakhstan,KAZ,KAZ,2007,15484192,176108.0,1.1504248343555012
Kazakhstan,KAZ,KAZ,2008,15674000,189808.0,1.2258179180418383
Kazakhstan,KAZ,KAZ,2009,16092822,418822.0,2.6720811535026145
Kazakhstan,KAZ,KAZ,2010,16321872,229050.0,1.4233053717986888
Kazakhstan,KAZ,KAZ,2011,16557201,235329.0,1.44180152864819
Kazakhstan,KAZ,KAZ,2012,16792089,234888.0,1.4186455790444308
Kazakhstan,KAZ,KAZ,2013,17035550,243461.0,1.4498553455737362
Kazakhstan,KAZ,KAZ,2014,17288285,252735.0,1.483574055431136
Kazakhstan,KAZ,KAZ,2015,17542806,254521.0,1.4722165905987739
Lithuania,LTU,LTU,1965,2971450,,
Lithuania,LTU,LTU,1966,3008050,36600.0,1.2317218866210178
Lithuania,LTU,LTU,1967,3044400,36350.0,1.208424062100022
Lithuania,LTU,LTU,1968,3078850,34450.0,1.1315858625673414
Lithuania,LTU,LTU,1969,3107321,28471.0,0.9247283888464741
Lithuania,LTU,LTU,1970,3139689,32368.0,1.0416690132754258
Lithuania,LTU,LTU,1971,3179041,39352.0,1.2533725474083601
Lithuania,LTU,LTU,1972,3213622,34581.0,1.0877808747984163
Lithuania,LTU,LTU,1973,3244438,30816.0,0.9589180059135671
Lithuania,LTU,LTU,1974,3273894,29456.0,0.9078922143064494
Lithuania,LTU,LTU,1975,3301652,27758.0,0.8478588494312822
Lithuania,LTU,LTU,1976,3328664,27012.0,0.818135890760141
Lithuania,LTU,LTU,1977,3355036,26372.0,0.7922698115520266
Lithuania,LTU,LTU,1978,3379514,24478.0,0.7295897868159873
Lithuania,LTU,LTU,1979,3397842,18328.0,0.5423265002009181
Lithuania,LTU,LTU,1980,3413202,15360.0,0.45205162570831625
Lithuania,LTU,LTU,1981,3432947,19745.0,0.5784890551452815
Lithuania,LTU,LTU,1982,3457179,24232.0,0.7058658348060742
Lithuania,LTU,LTU,1983,3485192,28013.0,0.8102849172692439
Lithuania,LTU,LTU,1984,3514205,29013.0,0.8324648971993476
Lithuania,LTU,LTU,1985,3544543,30338.0,0.8632962505033204
Lithuania,LTU,LTU,1986,3578914,34371.0,0.9696877707507046
Lithuania,LTU,LTU,1987,3616367,37453.0,1.0464906393391926
Lithuania,LTU,LTU,1988,3655049,38682.0,1.0696370141636713
Lithuania,LTU,LTU,1989,3684255,29206.0,0.7990590550222443
Lithuania,LTU,LTU,1990,3697838,13583.0,0.36867697811362454
Lithuania,LTU,LTU,1991,3704134,6296.0,0.17026165018585449
Lithuania,LTU,LTU,1992,3700114,-4020.0,-0.10852739128768274
Lithuania,LTU,LTU,1993,3682613,-17501.0,-0.4729854269354905
Lithuania,LTU,LTU,1994,3657144,-25469.0,-0.6916013167824087
Lithuania,LTU,LTU,1995,3629102,-28042.0,-0.7667731978833747
Lithuania,LTU,LTU,1996,3601613,-27489.0,-0.7574601099666012
Lithuania,LTU,LTU,1997,3575137,-26476.0,-0.7351150720524391
Lithuania,LTU,LTU,1998,3549331,-25806.0,-0.7218184925500748
Lithuania,LTU,LTU,1999,3524238,-25093.0,-0.7069783009812314
Lithuania,LTU,LTU,2000,3499536,-24702.0,-0.700917474926499
Lithuania,LTU,LTU,2001,3470818,-28718.0,-0.8206230768879053
Lithuania,LTU,LTU,2002,3443067,-27751.0,-0.7995521516829696
Lithuania,LTU,LTU,2003,3415213,-27854.0,-0.808988033053093
Lithuania,LTU,LTU,2004,3377075,-38138.0,-1.116709265278626
Lithuania,LTU,LTU,2005,3322528,-54547.0,-1.6152143496961147
Lithuania,LTU,LTU,2006,3269909,-52619.0,-1.583703734024211
Lithuania,LTU,LTU,2007,3231294,-38615.0,-1.1809197136678717
Lithuania,LTU,LTU,2008,3198231,-33063.0,-1.0232123725046338
Lithuania,LTU,LTU,2009,3162916,-35315.0,-1.1042041678665515
Lithuania,LTU,LTU,2010,3097282,-65634.0,-2.0751104360659633
Lithuania,LTU,LTU,2011,3028115,-69167.0,-2.2331515180083694
Lithuania,LTU,LTU,2012,2987773,-40342.0,-1.3322479496320372
Lithuania,LTU,LTU,2013,2957689,-30084.0,-1.0069038042716083
Lithuania,LTU,LTU,2014,2932367,-25322.0,-0.8561413995859635
Lithuania,LTU,LTU,2015,2904910,-27457.0,-0.9363425519384183
Singapore,SGP,SGP,1965,1886900,,
Singapore,SGP,SGP,1966,1934400,47500.0,2.517356510678881
Singapore,SGP,SGP,1967,1977600,43200.0,2.2332506203474045
Singapore,SGP,SGP,1968,2012000,34400.0,1.7394822006472577
Singapore,SGP,SGP,1969,2042500,30500.0,1.515904572564608
Singapore,SGP,SGP,1970,2074507,32007.0,1.5670501835985284
Singapore,SGP,SGP,1971,2112900,38393.0,1.8507047698561596
Singapore,SGP,SGP,1972,2152400,39500.0,1.869468503005356
Singapore,SGP,SGP,1973,2193000,40600.0,1.8862664932168816
Singapore,SGP,SGP,1974,2229800,36800.0,1.6780665754674073
Singapore,SGP,SGP,1975,2262600,32800.0,1.4709839447484052
Singapore,SGP,SGP,1976,2293300,30700.0,1.356846106249443
Singapore,SGP,SGP,1977,2325300,32000.0,1.3953691187371886
Singapore,SGP,SGP,1978,2353600,28300.0,1.2170472627187845
Singapore,SGP,SGP,1979,2383500,29900.0,1.2703942895989195
Singapore,SGP,SGP,1980,2413945,30445.0,1.2773232641074106
Singapore,SGP,SGP,1981,2532835,118890.0,4.925132925563758
Singapore,SGP,SGP,1982,2646466,113631.0,4.486316716248795
Singapore,SGP,SGP,1983,2681061,34595.0,1.3072149802793698
Singapore,SGP,SGP,1984,2732221,51160.0,1.9081997761334124
Singapore,SGP,SGP,1985,2735957,3736.0,0.13673857275819934
Singapore,SGP,SGP,1986,2733373,-2584.0,-0.09444592879200853
Singapore,SGP,SGP,1987,2774789,41416.0,1.5151975233530068
Singapore,SGP,SGP,1988,2846108,71319.0,2.5702494856365554
Singapore,SGP,SGP,1989,2930901,84793.0,2.9792615037798953
Singapore,SGP,SGP,1990,3047132,116231.0,3.965708838340154
Singapore,SGP,SGP,1991,3135083,87951.0,2.8863534628627896
Singapore,SGP,SGP,1992,3230698,95615.0,3.0498395098311537
Singapore,SGP,SGP,1993,3313471,82773.0,2.562077916289307
Singapore,SGP,SGP,1994,3419048,105577.0,3.1862961830660286
Singapore,SGP,SGP,1995,3524506,105458.0,3.0844258401753866
Singapore,SGP,SGP,1996,3670704,146198.0,4.148042307205602
Singapore,SGP,SGP,1997,3796038,125334.0,3.4144403907261367
Singapore,SGP,SGP,1998,3927213,131175.0,3.4555765774736624
Singapore,SGP,SGP,1999,3958723,31510.0,0.8023501653717346
Singapore,SGP,SGP,2000,4027887,69164.0,1.7471290615685975
Singapore,SGP,SGP,2001,4138012,110125.0,2.7340637907667276
Singapore,SGP,SGP,2002,4175950,37938.0,0.9168170609461734
Singapore,SGP,SGP,2003,4114826,-61124.0,-1.463714843329067
Singapore,SGP,SGP,2004,4166664,51838.0,1.2597859544972279
Singapore,SGP,SGP,2005,4265762,99098.0,2.3783535221462593
Singapore,SGP,SGP,2006,4401365,135603.0,3.17886933213809
Singapore,SGP,SGP,2007,4588599,187234.0,4.253998475472942
Singapore,SGP,SGP,2008,4839396,250797.0,5.46565520325486
Singapore,SGP,SGP,2009,4987573,148177.0,3.0618903681368437
Singapore,SGP,SGP,2010,5076732,89159.0,1.7876229581000658
Singapore,SGP,SGP,2011,5183688,106956.0,2.10678838276277
Singapore,SGP,SGP,2012,5312437,128749.0,2.48373358890428
Singapore,SGP,SGP,2013,5399162,86725.0,1.632489947645488
Singapore,SGP,SGP,2014,5469724,70562.0,1.3069065162334415
Singapore,SGP,SGP,2015,5535002,65278.0,1.1934423016590978
